0 28 90
1 37 72
2 386 63
3 373 44
4 514 65
5 514 43
6 39 569
7 17 570
8 280 447
9 258 449
10 496 569
11 473 570
12 132 329
13 108 325
14 320 410
15 299 403
16 37 405
17 47 386
18 553 569
19 531 570
20 190 18
21 177 34
22 75 168
23 55 153
24 275 534
25 254 533
26 198 181
27 217 171
28 18 263
29 35 255
30 37 250
31 470 449
32 448 454
33 391 409
34 370 408
35 83 257
36 58 259
37 333 171
38 318 188
39 410 344
40 391 334
41 60 455
42 83 453
43 245 141
44 237 161
45 196 534
46 175 533
47 316 387
48 19 62
49 182 455
50 160 454
51 436 75
52 431 54
53 250 48
54 249 71
55 335 395
56 89 318
57 170 64
58 156 46
59 98 164
60 369 333
61 224 144
62 442 183
63 437 161
64 488 332
65 467 336
66 586 65
67 585 43
68 376 389
69 29 233
70 61 65
71 232 36
72 210 605
73 188 606
74 267 605
75 245 606
76 118 534
77 96 533
78 39 534
79 17 533
80 327 268
81 325 246
82 592 172
83 591 150
84 121 174
85 393 171
86 380 152
87 303 449
88 477 75
89 472 54
90 232 410
91 253 408
92 595 344
93 594 322
94 269 37
95 268 241
96 247 250
97 597 410
98 597 388
99 387 389
100 138 147
101 117 155
102 133 50
103 108 55
104 31 183
105 53 178
106 318 334
107 334 349
108 343 150
109 613 268
110 613 246
111 301 349
112 427 448
113 330 133
114 320 153
115 100 170
116 60 491
117 38 496
118 332 317
119 483 183
120 479 161
121 39 453
122 503 257
123 504 235
124 60 403
125 82 406
126 17 490
127 139 447
128 511 495
129 489 493
130 35 328
131 34 351
132 410 322
133 432 495
134 410 493
135 104 447
136 610 569
137 588 570
138 17 243
139 610 605
140 588 606
141 553 605
142 531 606
143 224 336
144 209 350
145 370 454
146 392 453
147 17 412
148 153 322
149 437 32
150 224 257
151 496 605
152 473 606
153 17 316
154 438 605
155 416 606
156 109 190
157 83 57
158 66 188
159 381 605
160 359 606
161 261 162
162 48 198
163 324 605
164 302 606
165 97 147
166 96 125
167 209 321
168 353 495
169 331 493
170 467 278
171 462 257
172 153 605
173 131 606
174 290 236
175 35 140
176 324 451
177 348 453
178 203 450
179 219 531
180 297 531
181 96 605
182 74 606
183 533 491
184 39 605
185 17 606
186 326 53
187 304 52
188 140 531
189 444 140
190 174 316
191 131 350
192 274 495
193 252 493
194 578 268
195 577 246
196 183 79
197 197 408
198 176 403
199 590 493
200 568 493
201 157 25
202 506 279
203 584 450
204 562 451
205 139 394
206 160 387
207 163 188
208 143 182
209 17 77
210 562 410
211 561 388
212 485 140
213 179 263
214 201 260
215 583 532
216 561 533
217 468 235
218 197 31
219 469 397
220 448 402
221 338 35
222 347 246
223 427 255
224 405 260
225 349 267
226 384 254
227 438 569
228 416 570
229 215 276
230 381 569
231 359 570
232 324 569
233 302 570
234 267 569
235 245 570
236 238 453
237 77 37
238 61 531
239 243 182
240 71 17
241 58 281
242 210 569
243 188 570
244 426 395
245 154 410
246 153 569
247 131 570
248 375 491
249 129 136
250 158 266
251 96 569
252 74 570
253 479 32
254 195 495
255 174 493
256 402 152
257 248 333
258 559 344
259 559 322
260 217 491
261 296 491
262 100 273
263 123 236
264 104 245
265 17 130
266 556 172
267 556 150
268 550 65
269 549 43
270 542 268
271 541 246
272 54 316
273 445 330
274 524 344
275 523 322
276 263 316
277 85 78
278 396 44
279 521 172
280 520 150
281 345 189
282 300 320
283 116 495
284 95 493
285 265 347
286 139 491
287 104 408
288 527 450
289 505 451
290 526 398
291 504 399
292 243 268
293 211 240
294 526 532
295 504 533
296 17 448
297 276 406
298 283 162
299 469 532
300 447 533
301 97 192
302 412 532
303 390 533
304 355 532
305 332 533
306 454 491
307 338 72
308 231 278
309 227 236
